#00)t                         01)e_pot                      02)pos_cm[0]                  03)pos_cm[1]                  04)Vcm[0]                     05)Vcm[1]                     06)theta                      07)omega                      08)forces[0]                  09)forces[1]                  10)torque                     
0                             -361                          0                             0                             0.04568130935026306           0.0227421786793964            0                             0.497839223592531             1.135959703518257e-28         -3.434478321691853e-16        -8.278269686533293e-11        
0.5                           -358.387648809282             0.00317048669241022           0.0001989709799508244         -0.01105051726073388          0.00428890614348569           0.2323502020282121            0.4267511917514032            -19.86549128052518            -1.246703315825133            -1268.045463136385            
1                             -352.0959888241977            0.003302905083001927          0.0001741825417072338         0.0241588229246772            -0.03886750768985424          0.4326840823849073            0.3800055971644479            -20.14834094507178            -1.062546199595993            -2319.737177207445            
1.5                           -343.7476546226375            0.003278420770991731          2.696700020078272e-05         -0.04271288374740493          0.06843675478599896           0.6064918260579245            0.3294265445188903            -19.27857351461852            -0.1585779668658414           -3173.751489447185            
2                             -334.3828725535374            0.003150909224334731          0.0003678094048269006         0.05565614092477521           0.02348655408583951           0.758838041124933             0.2848336824123553            -17.75200555008494            -2.072212856924574            -3861.026989037688            
2.5                           -324.6054978084646            0.003378704437153409          -0.0004337854548805088        0.001304411794643588          -0.001232992675277189         0.8940372420892977            0.2583111755594423            -18.16607199236568            2.332307531412086             -4412.610224803328            
3                             -314.7890983942812            0.003621231526493055          0.000115969827234521          0.1425301144221787            -0.03426276595943858          1.015260310089289             0.2252791032202753            -18.53459524881163            -0.5935698404977797           -4854.226512109889            
3.5                           -305.0995209332093            0.003820940188545357          -0.0003436060718417255        0.07052403190515999           0.04743687253234158           1.12547441584913              0.2037864945887009            -18.58246290570142            1.671067007516748             -5208.262200940479            
4                             -295.5885228260785            0.004086579186740754          -0.0003875242457115335        0.07536854043045577           0.0302278192007386            1.227206276655883             0.2008524156142833            -18.8515662192354             1.787666077714449             -5492.299475784665            
4.5                           -286.3450247260703            0.004361852838662893          0.0001427996715528796         0.006946164767327339          0.04486984266033551           1.321594349011843             0.1700382896768266            -19.06042551486203            -0.6240060417511561           -5717.496465406442            
5                             -277.3226032098677            0.004848326960547745          -0.0002230809922615198        0.06621188738286939           -0.03198576115109601          1.410491866659357             0.1814742055182205            -20.03538388473599            0.921867142763074             -5894.623631160111            
5.5                           -268.5363183689168            0.005171966508296206          0.0002442419482944035         0.0518100602755627            -0.06019265350288921          1.494819143472953             0.1754269090943566            -20.17705375494996            -0.9528451047480986           -6030.896258348505            
6                             -259.9151416310085            0.004659954968421861          -0.0002108690721204689        -0.06184401675217729          -0.009865825483001389         1.576092158643686             0.1610924917584041            -17.12147610882204            0.7747692421620559            -6133.217409698154            
6.5                           -251.3790318231914            0.005966159429298102          9.358685816705263e-05         0.09352282175476506           -0.05984217257484023          1.655124939061825             0.1584387309901598            -20.58201359382892            -0.3228552734904793           -6203.124640591297            
7                             -242.9690126573261            0.00692319051794545           0.0003006493257637839         -0.07720729348697747          0.03284300734470055           1.732326854559535             0.1570566548147702            -22.35264179495555            -0.970695062570192            -6244.786366627312            
7.5                           -234.6590300747169            0.006579200723010033          5.6880488354045e-05           -0.05350535967365708          0.03557021017651774           1.808510115857817             0.153511814000233             -19.80200653720475            -0.1711982807582781           -6261.597924123878            
8                             -226.2965456602467            0.006909971240877513          0.000504781006522985          -0.01462793346323373          0.03570411024742789           1.884998134302628             0.1477851465652518            -19.27689301992689            -1.408198289990034            -6252.329451315301            
8.5                           -217.9141357633638            0.007463132304339257          -0.0007800477080447669        -0.03622758297941508          -0.009173977394486643         1.961900166837896             0.1488653069375228            -19.17409834680574            2.004079682174266             -6217.542727613851            
9                             -209.4516493803755            0.008387816271809139          0.0001445235660619298         0.02852229864683061           0.02531431931319973           2.040081943739077             0.1609876603050882            -19.68273912139655            -0.3391371160977969           -6156.453775121408            
9.5                           -200.8799739779383            0.009519884392208076          0.0004500572133622138         0.05438313076975934           -0.06051181746911108          2.120192170009714             0.1555755957784691            -20.19329831797914            -0.9546481766063453           -6067.751869721629            
10                            -192.1724461584172            0.009939514957020661          -0.0001714141260768824        -0.02116106372856795          -0.04091791401416426          2.203108706400027             0.1752895999581626            -18.80516587591092            0.3243087103617049            -5950.700775876514            
10.5                          -183.2417927603073            0.01161120855886344           0.0006603244820873707         0.01618607008732072           0.02719027008120323           2.289860157986707             0.189662884451045             -19.24162425493716            -1.094263149122332            -5798.75438420473             
11                            -174.0823255323325            0.01324134657668545           0.000354639460995169          0.06663379694823643           0.02210405008425538           2.381514813513861             0.1930501725041194            -18.75308843270622            -0.5022591183800229           -5609.578207211778            
11.5                          -164.674399881647             0.01648615153874648           -6.471637557712204e-05        0.0005841059265088614         0.08159241662132187           2.47896823243027              0.2064537215752115            -19.27399252251542            0.07566008126433654           -5374.797741518848            
12                            -155.0306636261211            0.01932536839031432           -4.86685303888191e-05         0.04460801349524874           0.01851951677124387           2.583927115576336             0.2123380400604166            -17.69137692452447            0.04455356891117146           -5091.154612980948            
12.5                          -145.2031118612701            0.02452055295892356           -1.576477325346093e-05        0.0948482369315351            -0.03529797558191147          2.697314516392667             0.2551164759181249            -16.11366142310662            0.01035982665482194           -4745.483454579197            
13                            -135.2747121796561            0.03164705484960204           -0.0003151321043311705        0.08369354031322813           0.002144806118430545          2.821315566988738             0.2675700396108408            -12.52765722160723            0.1247478138584363            -4327.933768431591            
13.5                          -125.4031857871869            0.04617264489953904           0.0003807476455923965         0.04929121581024092           0.01749609320431722           2.958278605883578             0.2909407500561139            -6.248997302138758            -0.0515323855839469           -3804.359032973829            
14                            -116.1039195172405            0.07231248508981718           -8.434494254816356e-06        0.1354503579463198            -0.002813183911971871         3.111953656183696             0.3243859335967866            8.339309908817395             -0.000972956870284869         -3126.89633376966             
14.5                          -109.499230674551             0.1324117797152201            0.0002820937533094066         0.2037199038657108            0.04310196980746046           3.288508034041833             0.3867444311190075            42.8859193921611              0.09163010901519775           -2103.157060870141            
15                            -113.4826735560434            0.256323098231121             0.002369339394656697          0.3138615130916792            -0.01876431203750219          3.501141098393136             0.4606949989706277            93.45411419226512             0.9097872563784288            -577.7363282971755            
15.5                          -126.7442379227433            0.4078516934711777            0.003526775929760604          0.2820178287299052            -0.04053056536109619          3.750475206236946             0.4973261710912228            65.37521502308954             1.026263976655827             219.1784725367013             
16                            -130.5605743617674            0.4848210817572997            0.004396764302347514          0.07803174351533342           0.005339985490901532          4.005373787759921             0.5143556585683534            12.34606530450566             1.199096825341081             44.84219586446881             
16.5                          -130.2614626904213            0.5137035253921921            0.006060093021571837          -0.0359695449301977           -0.02002199532302759          4.253849215487388             0.4848064121165381            -10.80103300844758            1.599537537541841             -184.1633836004178            
17                            -129.0035708478189            0.5214242238957544            0.009359709283834823          -0.05976962356493667          -0.00717013960088857          4.496719166899212             0.4801943127856214            -14.86547866900496            2.189318939310816             -355.453754306361             
17.5                          -127.1712703425173            0.5276736808373521            0.009977376513793523          0.0894557110825155            0.0141070116007341            4.735741799588189             0.4787181776068408            -15.29716396609822            1.873951843073303             -468.2922830002296            
18                            -124.9951395164779            0.5353686435089714            0.01125275548699741           0.05039476922234189           0.01754615340152839           4.972368858060094             0.4718489850763526            -13.54391562258961            1.482276124797376             -522.6614524649029            
18.5                          -122.6972992682262            0.5472601153799417            0.01277310523299448           0.07491218795322914           -0.01616286378326296          5.208403346561089             0.4713491241943547            -9.492386034848529            0.9046417759546088            -516.4122994326279            
19                            -120.580868593224             0.5645853063408012            0.01464162569496783           0.03887709375827143           -0.04840246112387755          5.445605801120291             0.4771015186003008            -1.458690683460759            0.1223119806079719            -449.3589230989775            
19.5                          -119.2102209296954            0.6004655932387387            0.0158384083790315            0.08208320121479232           0.04460266049115079           5.68620926988111              0.4881530363129617            13.44389052921677             -0.8997905331307137           -287.3704345138756            
20                            -120.1901197438397            0.6633037915899761            0.01319336965310961           0.1551988136859928            -0.02498300125974023          5.932571636649326             0.4997580396234472            38.66561183899377             -1.84965518819549             -14.38325415985463            
20.5                          -126.0288362211603            0.7625274242827558            0.009715985103245306          0.3106233844325033            -0.09537367677704098          6.187395761364877             0.5442344908698947            61.75377580639011             -2.619710998746672            270.4544420240765             
21                            -133.897694449361             0.8722583999236293            0.006065767640047726          0.226133952944043             -0.03406973814300834          6.446174088250065             0.528411719739092             51.31529193249263             -2.442725024770778            229.729488356779              
21.5                          -137.1998013189801            0.9501250020466941            0.003912555427653647          0.1396007921912923            0.09877874745959651           6.698857273008877             0.5041220969330125            22.51248916772369             -1.766136194961754            -99.81546684115332            
22                            -136.5955250755474            0.9948238584252391            0.001664617568455272          0.09514645310892532           -0.0009688159630388581        6.941988751185948             0.4860296029540994            2.215838958356185             -0.7126011566594126           -437.8582182681686            
22.5                          -134.189652002074             1.017859406709117             0.0009356497564306253         0.01024279117056726           -0.02684794365795093          7.17660830923981              0.4552425193649924            -6.526778148472607            -0.3419365407171215           -697.1731474533806            
23                            -130.9038959674958            1.033646151867351             0.001575133187598114          -0.05610521692898119          -0.0162718884720995           7.405199639639442             0.4414381715401315            -9.431125392549781            -0.441519829484446            -870.5607118354117            
23.5                          -127.1627728840053            1.046318439523011             0.002088800496010586          0.09161024819320121           -0.02410703609071645          7.630378136152872             0.4388672574893583            -8.445416440905731            -0.3808741372974775           -960.1754737380618            
24                            -123.257277928432             1.065073598057199             0.002111891136715376          0.04891189462287727           -0.02883017510679911          7.85400341057087              0.455960040322089             -5.152687104717975            -0.1672511250088835           -958.8819053775069            
24.5                          -119.5976584142419            1.089266822178797             0.001820506437153657          0.08473654925712361           0.04746896734337932           8.078824789570346             0.4547641439603758            1.825715494369279             0.03725484375912069           -869.4294948016457            
25                            -116.7428681410965            1.126097408029908             -0.0007243872258567846        0.04281209147970729           0.01794321941372821           8.307625391721057             0.452964240685478             13.36009524283415             -0.07693070254016932          -684.9991276187884            
25.5                          -115.6966781926038            1.182901105539456             -0.001870662838136357         0.1447028759660453            -0.05793068133783651          8.54284957810011              0.4886873545797764            29.23729274640082             -0.3024560739454674           -413.042800278835             
26                            -117.426562734225             1.260763568474955             -0.001496085016452279         0.1508243605520301            -0.01625661099522134          8.785854982808511             0.4969337833254558            42.14160303199427             -0.2557522815994229           -132.8551188727292            
26.5                          -120.9318045071841            1.348025007264137             -0.000604337198757153         0.1673251197654689            0.02970211394290676           9.035195126202003             0.497296863368592             39.5001680393468              -0.08711734988074915          11.00570036714197             
27                            -123.2889517731924            1.418429345195713             -0.001922287916752462         0.08071729575577591           -0.04909263012549213          9.28596936760322              0.5026278846887295            24.51017420746495             -0.2270798006215351           -9.149815989812282            
27.5                          -123.943254280942             1.468493500707108             -0.002696569075789862         0.08728718456817451           -0.03731900413524157          9.535228768319463             0.4913868004142255            9.282960964559148             -0.2717629336154972           -84.24675577844384            
28                            -123.5725010042486            1.500462931831719             -0.002826688148440944         0.01676811233954685           -0.04543577205831224          9.782664591354079             0.4966601418988716            -0.1183790294755214           -0.240927503209482            -149.3930184546381            
28.5                          -122.7705383533476            1.524770875554179             -0.004171173111125759         0.07037567455167576           0.06792395026407633           10.028378695269               0.4877320358306356            -4.863440109727764            -0.2773619699650351           -188.8443166170938            
29                            -121.8134235497509            1.545266682116174             -0.002945091216762589         0.08021393628903543           0.007660628143794589          10.27366787073335             0.4987099319355225            -5.673905731805319            -0.1297261353447916           -200.4119411397723            
29.5                          -120.8845358236669            1.565068957766879             -0.002565109184752714         -0.008079915277547324         0.05672880275750294           10.51907638513014             0.4949425435251429            -3.296613907042446            -0.04821901952870777          -185.4401721504931            
30                            -120.1474560123875            1.588784814081874             -0.001920610456303325         0.04617888884093103           0.08855310810634773           10.76494510207045             0.4894021063485787            1.774371543790476             0.0155267261225307            -144.1224888706657            
30.5                          -119.8659336021061            1.623654434978785             0.001239618177795792          0.1614182733223787            0.02032856727027784           11.01267829194132             0.5094735267044898            9.663141063038761             -0.04605082180532971          -74.40488838762155            
31                            -120.4735892763406            1.673888769626537             0.000803949144187188          0.1912174156330021            -0.04519761166620986          11.26242899197755             0.5063543541777433            19.66142972192326             -0.05741731103650927          10.26156351205088             
31.5                          -122.0873789951713            1.733510760213667             0.0001960189309446093         0.1650782550849375            0.1003852021605778            11.51422811651839             0.5093862846400919            27.64107975639446             -0.02163804047167872          59.10062784549319             
32                            -124.3211889428885            1.802905104998132             0.0009294602001243084         0.1419216726225228            -0.1223885373674624           11.76636696269026             0.5006957706735026            28.66311780748805             -0.1373195528700999           28.21562587877406             
32.5                          -125.8388783973483            1.865391345221548             0.0003345690444620533         0.1761828905197418            -0.0125626877820887           12.01662952386193             0.4888147287195095            22.25999385500708             -0.05549884274308092          -87.20958170168795            
33                            -126.1093051859389            1.919215258075119             0.0007775930528899761         -0.005682555166200888         0.03255159615440095           12.26289382100076             0.4790275782159512            12.83934067724253             -0.1236319925767593           -231.2107851019663            
33.5                          -125.2208877157611            1.958652751216549             0.001262304481111663          0.1009960618181079            0.04931711458762519           12.505420541379               0.4805074034329019            5.379489362158796             -0.1642364693172225           -350.9754809821855            
34                            -123.6694802280493            1.989767845579232             -0.0003994402327551174        0.01864944357401328           -0.04791189161243158          12.74530009538624             0.4749750823783116            0.8990431284364848            0.03509662002033553           -426.12531022622              
34.5                          -121.8219436558204            2.018215672726286             3.005137762728785e-06         0.1138949509182125            0.03266531731329699           12.9837713470918              0.4726583698320251            -0.7152280554475434           -0.0001179960838166849        -451.3036755394099            
35                            -119.9700143075864            2.046756769337063             -0.001247174522892055         0.08992672895595392           0.005068457487471848          13.22198791307026             0.4732567734698035            0.4536550676513109            -0.01210115147379476          -426.7214875131102            
35.5                          -118.3830653959664            2.077527170613135             -0.001196341473348064         0.0921634115013043            -0.01584248879188855          13.46143580496376             0.4852108589976927            4.145356044650775             -0.0639886183075542           -357.6505046473105            
36                            -117.3292476745319            2.113469682791724             -0.001193459185384278         0.04192175943323428           0.02480887943461455           13.70380197340521             0.4879023882373918            9.826084857047553             -0.1035072407797595           -254.3852372629325            
36.5                          -117.0761595706354            2.157610170576716             -0.002425953986984501         0.09826567263654352           -0.06190136582765596          13.9489621892806              0.4909300721184018            16.32311675524448             -0.2527632174833985           -136.4108039255753            
37                            -117.7548561464208            2.211767273889636             -0.003337719805292651         0.1243067877434715            0.05762419643700276           14.19744991799985             0.494823726361014             21.32777258599763             -0.343514130121948            -35.42307057359291            
37.5                          -119.0117779593419            2.269863052124127             -0.003766748542443109         0.1292751929362026            0.05212846151248725           14.44774846349851             0.5010231497297841            21.94838154783471             -0.3272837332862777           13.388746842637               
38                            -120.2177195573695            2.326696668693596             -0.005564601027712265         0.1759456453437932            0.01429856375168045           14.69885645561874             0.5062819323464913            17.76627074790728             -0.3589922207339871           4.087771436452115             
38.5                          -120.8764966656199            2.376171070994359             -0.00658996161286693          0.03903707451793688           -0.009268253831496702         14.94917130898737             0.4972935677228754            11.26080707782343             -0.2850710152079343           -37.47944913525981            
39                            -120.9427460310408            2.415194542738341             -0.007665970482210059         0.09891518328048721           -0.03502869335653978          15.19811711731253             0.4967755851979673            5.374086229765896             -0.193320600550785            -79.8507756585866             
39.5                          -120.6348394126159            2.448799211596122             -0.008546716172225233         0.06903415619445015           -0.01857409854042602          15.44630156191529             0.4856078018526455            1.332796691113538             -0.07927784347916456          -109.3028680956498            
39.999                        -120.1454280257415            2.475507806630725             -0.006758446642068447         0.04607619144269754           -0.02914664534927374          15.6936113256586              0.5034892676191022            -0.3710911871695082           0.03444760625533583           -118.7775040837196            
