#00)t                         01)e_pot                      02)pos_cm[0]                  03)pos_cm[1]                  04)Vcm[0]                     05)Vcm[1]                     06)theta                      07)omega                      08)forces[0]                  09)forces[1]                  10)torque                     
0                             -361                          0                             0                             0.04568130935026306           0.0227421786793964            0                             0.497839223592531             1.135959703518257e-28         -3.434478321691853e-16        -8.278269686533293e-11        
0.2                           -360.5206276801998            0.002856510805764065          0.0001004626152182244         0.04138108616456602           -0.02624129947442521          0.09726141861001254           0.467611780468444             -18.0583358292797             -0.6351061728148317           -533.9682042575184            
0.4                           -359.2647409361525            0.003109525708673402          -0.0002876443087549657        0.01793210908592872           0.02791898875867629           0.1887195367383055            0.4432584138188144            -19.55526650244812            1.808945043670548             -1032.457669660555            
0.6                           -357.3605625640917            0.003353815708915148          2.283896813331482e-05         0.07512776201237314           0.08568204197103196           0.2747863610924639            0.4129142556132642            -20.92367941483313            -0.1424870330924734           -1495.325736612072            
0.8                           -354.9294335598795            0.003633716840301135          -0.0003899683317273098        0.02720333255395045           0.07839682522813195           0.3560044322500693            0.3977542395812182            -22.43770922730925            2.408001621879264             -1924.055931539963            
1                             -352.0959888241977            0.003302905083001927          0.0001741825417072338         0.0241588229246772            -0.03886750768985424          0.4326840823849073            0.3800055971644479            -20.14834094507178            -1.062546199595993            -2319.737177207445            
1.2                           -348.9315642830395            0.003516553622081186          -0.0003439403922576019        0.1566506995198665            -0.1069097453956208           0.5050341076142847            0.357608033817912             -21.15895739987057            2.069475087093507             -2683.091439203695            
1.4                           -345.5211465549529            0.003638213672358121          0.0001050827307819011         -0.01671465841388317          -0.06192861976525835          0.5735295353828339            0.3323762983166633            -21.56450140095523            -0.6228487129622959           -3016.898665144291            
1.6                           -341.9467703956809            0.002640155227635423          0.0001774906059744711         -0.05257818466836376          0.004078622861728704          0.6384463375061317            0.3099157165453078            -15.39976302957928            -1.03528506477069             -3323.285650494637            
1.8                           -338.189014305736             0.003684760157802514          -0.0003132268228932991        -0.05045169305010615          -0.01349888697667972          0.7002698648886576            0.3031023968567875            -21.12932742897802            1.796120187366735             -3604.29916811526             
2                             -334.3828725535374            0.003150909224334731          0.0003678094048269006         0.05565614092477521           0.02348655408583951           0.758838041124933             0.2848336824123553            -17.75200555008494            -2.072212856924574            -3861.026989037688            
2.2                           -330.4979568385591            0.00333723977411191           0.000369879751929563          0.03123493984499461           0.03543349701621285           0.8147249445403365            0.2749895019225086            -18.46068111928817            -2.046071792085565            -4096.130134458526            
2.4                           -326.5617414869461            0.003975591709190222          4.383004507956269e-05         -0.004639615192265046         -0.05728717259700923          0.8681939816627919            0.2577648896489446            -21.58061997582431            -0.2379217046618222           -4311.539286815978            
2.6                           -322.6273678352308            0.003646552890724197          -0.0004773491258847425        -0.09466995978264546          0.08361768414994547           0.9193773803282456            0.2497655470843425            -19.41657936679167            2.541711987353832             -4509.146565329684            
2.8                           -318.696675739989             0.003835675509323043          -6.168575689322647e-05        0.03584265859431397           0.02813030473746818           0.9682982371561217            0.234202136342847             -20.02690373297183            0.3220748747291818            -4689.278966345137            
3                             -314.7890983942812            0.003621231526493055          0.000115969827234521          0.1425301144221787            -0.03426276595943858          1.015260310089289             0.2252791032202753            -18.53459524881163            -0.5935698404977797           -4854.226512109889            
3.2                           -310.8884997576022            0.004041697117148162          -9.453005148139654e-05        0.07512374632525316           -0.01842714101887076          1.060495305618116             0.218705178964466             -20.27214382434431            0.4741391397187126            -5005.021731657876            
3.4                           -307.0354387237109            0.003574483943824024          -0.0002105067739138095        0.06164749146073741           -0.0009484733191844538        1.104095956221658             0.2244101284320864            -17.56578987775233            1.034475973029411             -5143.38156223833             
3.6                           -303.1683448586563            0.004442510478456807          -0.0001706088465199786        -0.06098997271554136          -0.05228012057871188          1.14645995432124              0.1932432201447717            -21.38025039840912            0.821080755231453             -5269.962211134599            
3.8                           -299.3611379348558            0.00434923835787764           -0.000113538549808273         0.0009600822164675863         -0.03299741997007406          1.187418698997316             0.1978353248485047            -20.49539385287357            0.5350401839362892            -5386.020149613998            
4                             -295.5885228260785            0.004086579186740754          -0.0003875242457115335        0.07536854043045577           0.0302278192007386            1.227206276655883             0.2008524156142833            -18.8515662192354             1.787666077714449             -5492.299475784665            
4.2                           -291.8472411441982            0.004577782436417888          -2.634541869894506e-05        0.05287778345305384           0.01765432602226303           1.265795463625613             0.197655401207476             -20.6672579441707             0.1189413345205708            -5588.665155393701            
4.4                           -288.1692779380436            0.004400479905973208          -0.0004083524968195866        -0.05471253552496228          0.05363219662341448           1.303237296030386             0.1931983611031871            -19.44058428214214            1.804033040284789             -5676.580838678863            
4.600000000000001             -284.52684127604              0.00442775088642088           -9.827809500337813e-05        -0.002992521971559848         -0.01237867776334602          1.33974004186056              0.1839259713379184            -19.1365521524746             0.4247537704039412            -5756.447083291998            
4.8                           -280.9117072906798            0.004515200241876233          9.446037781634421e-05         -0.01399447850520922          -0.05130516935999124          1.375477814548677             0.1743330131794648            -19.08494169243907            -0.3992670815992058           -5829.044839396347            
5                             -277.3226032098677            0.004848326960547745          -0.0002230809922615198        0.06621188738286939           -0.03198576115109601          1.410491866659357             0.1814742055182205            -20.03538388473599            0.921867142763074             -5894.623631160111            
5.2                           -273.7837648806943            0.004581910047416271          0.0005611630606849394         0.003578704510822678          0.1001470631488647            1.444758828149701             0.1637171481358998            -18.50734191015139            -2.266660972458912            -5954.042594797268            
5.4                           -270.267704086104             0.005084198181364144          0.0004378574341668583         -0.009636577046343704         0.02765989910258584           1.478351954981277             0.1588683357213655            -20.06626636452627            -1.728131685307722            -6006.751500432693            
5.600000000000001             -266.8016486906412            0.005172524204356029          -0.0001948266425833465        -0.04217210464695576          -0.00265475401584512          1.511267833649005             0.1587789229324293            -19.94303578502739            0.7511680093368882            -6053.881651136326            
5.8                           -263.3381612407334            0.004811105573833383          -0.000739943534809878         0.01805141631468185           0.0873923244914163            1.543986461095514             0.1674657687987591            -18.11055586627764            2.78538655214342              -6096.293711855958            
6                             -259.9151416310085            0.004659954968421861          -0.0002108690721204689        -0.06184401675217729          -0.009865825483001389         1.576092158643686             0.1610924917584041            -17.12147610882204            0.7747692421620559            -6133.217409698154            
6.2                           -256.4746571717185            0.005071933619244494          0.0004738038002731577         -0.003679213599436715         -0.04407269007259362          1.608076987294616             0.1513450745131941            -18.17632872747019            -1.69797444904514             -6164.963239435269            
6.4                           -253.0799487090583            0.005977551990681341          1.812036391913683e-05         0.0800904398849564            0.01440039139731802           1.639397301814083             0.1561728156126163            -20.88898893907589            -0.06332293092595953          -6191.187041462603            
6.600000000000001             -249.676467917617             0.006346173986244062          6.062431554298765e-05         0.02926556829421463           -0.1095163165567166           1.670763533022658             0.1474866455521527            -21.60921314678976            -0.2064304898147176           -6213.515873685117            
6.8                           -246.3356363213446            0.005848532916745941          0.0005226605630337635         -0.002880628345951822         0.000349164564742465          1.701611918478357             0.15588109856897              -19.39958506405694            -1.733665232243377            -6232.0705813825              
7                             -242.9690126573261            0.00692319051794545           0.0003006493257637839         -0.07720729348697747          0.03284300734470055           1.732326854559535             0.1570566548147702            -22.35264179495555            -0.970695062570192            -6244.786366627312            
7.2                           -239.6617063418589            0.006271257480054308          0.0002133487271033623         0.02600951519551412           0.02907222614691646           1.762770847752292             0.1654975939258349            -19.70059603180693            -0.6702160109259983           -6255.107974193706            
7.4                           -236.3039646581282            0.007096076046442667          0.0005648178721967604         0.06209882302999983           0.05145462839432607           1.793353937722533             0.1454339234987349            -21.66604296522608            -1.72452613342894             -6259.743267468985            
7.600000000000001             -232.9715762260171            0.007196751457554803          0.0001943107361267192         0.004623182334161161          0.1054192943339519            1.823834495032278             0.1480975995260553            -21.34219083237947            -0.5762345650195608           -6261.138687818927            
7.8                           -229.6568044504471            0.006467035256807138          -0.0004365109026681587        -0.006479953253859486         -0.04362997101708257          1.854301844929113             0.1497467337889897            -18.6126066631323             1.256310736454026             -6259.414918020839            
8                             -226.2965456602467            0.006909971240877513          0.000504781006522985          -0.01462793346323373          0.03570411024742789           1.884998134302628             0.1477851465652518            -19.27689301992689            -1.408198289990034            -6252.329451315301            
8.199999999999999             -222.954202166022             0.007109738436374826          -0.0001757181612413984        -0.03259766911457534          0.09866517805601845           1.915619461578996             0.1551819180422584            -19.20889397287409            0.474750456150014             -6241.532336409678            
8.4                           -219.5956716761869            0.007562665460550412          -0.0003851366693331667        0.001764014744851108          -0.0324698454081409           1.94640331278719              0.1532596174472996            -19.76477052314961            1.006541688401415             -6226.335006691588            
8.6                           -216.2270520550274            0.007654599959895887          -0.0001578788404366102        -0.0009530095723678643        0.05277399954571933           1.977432223270799             0.1581788303884746            -19.32629889154575            0.3986117788851394            -6207.451230662267            
8.800000000000001             -212.8273540437312            0.008223937413482442          8.49272151934412e-05          -0.03901515690681867          0.03473797032215849           2.008766965392265             0.1537105311503978            -20.02881646660123            -0.2068342251929831           -6183.698566724786            
9                             -209.4516493803755            0.008387816271809139          0.0001445235660619298         0.02852229864683061           0.02531431931319973           2.040081943739077             0.1609876603050882            -19.68273912139655            -0.3391371160977969           -6156.453775121408            
9.200000000000001             -206.0484866426584            0.008292906421420792          0.0001119103123892278         0.002910925543149506          0.02072189611192402           2.071850050828127             0.14987228017245              -18.71670845256113            -0.2525764453333467           -6125.112741846537            
9.4                           -202.6209973894721            0.008687491070654937          0.000374463311458157          -0.05138357311970282          -0.06263616811709692          2.103934586244218             0.1586269232679453            -18.8240789464131             -0.8113881533990996           -6088.692473460195            
9.6                           -199.1493464073188            0.009930971709459497          0.000766617102892763          -0.1026354227935981           0.03397414874227642           2.136479449314787             0.1544813064738899            -20.61381316414757            -1.591274606914237            -6046.294313762579            
9.800000000000001             -195.6605556494711            0.01057770789371792           -0.0001219739921135646        -0.002964607654597491         -0.02084692609646755          2.169542628821358             0.1713957135009089            -20.98611053721076            0.2419957050405674            -5999.947085687039            
10                            -192.1724461584172            0.009939514957020661          -0.0001714141260768824        -0.02116106372856795          -0.04091791401416426          2.203108706400027             0.1752895999581626            -18.80516587591092            0.3243087103617049            -5950.700775876514            
10.2                          -188.6296526963252            0.01002319015948122           -0.0003000174230457258        -0.08728938476791692          0.0244847445902748            2.237363235584132             0.1761209363031175            -18.02848518669244            0.5396345856875744            -5894.931313810558            
10.4                          -185.0455026978844            0.01108992332235493           -0.0003472541788263558        0.0370577608101063            -0.01755566271705952          2.272190432270143             0.1773811763331374            -18.90318531190811            0.5919076872695006            -5832.252000190426            
10.6                          -181.4271279809819            0.01170542405683571           0.0005467970362934506         -0.003991457584724118         0.06124187725320784           2.307826694995931             0.1783406117090017            -18.83846013768036            -0.8800036528852813           -5764.361496770144            
10.8                          -177.7766788030226            0.01236227015092507           0.0002785720772791118         -0.0474671368572298           0.01252608155172122           2.344220992945202             0.1756321162760223            -18.70870437658925            -0.4215830695874841           -5690.427339252397            
11                            -174.0823255323325            0.01324134657668545           0.000354639460995169          0.06663379694823643           0.02210405008425538           2.381514813513861             0.1930501725041194            -18.75308843270622            -0.5022591183800229           -5609.578207211778            
11.2                          -170.3577103160197            0.01491240126260138           0.0003634401509352147         0.04489635726441342           0.05789897299883272           2.419527453015128             0.183562109937494             -19.66230055714238            -0.4792033528919706           -5520.789957386381            
11.4                          -166.5822369741862            0.01578927069762292           0.0004517713859796397         0.02066429005703658           -0.04727681480231855          2.458868078886263             0.2010822276074363            -19.2506722572754             -0.5508112367236951           -5425.758940987294            
11.6                          -162.7679838407237            0.0164112669594497            0.0005026957857918661         -0.03204522515198885          0.05980735914967803           2.49940134223576              0.1999463969701906            -18.36126743943659            -0.5624268828785195           -5323.532147620081            
11.8                          -158.9141130521879            0.01773848109332754           0.0001472445874133585         -0.003805383808780787         -0.02088027824272756          2.541054127693724             0.2101225739444937            -18.0491435326109             -0.1498234913059861           -5211.8552073331              
12                            -155.0306636261211            0.01932536839031432           -4.86685303888191e-05         0.04460801349524874           0.01851951677124387           2.583927115576336             0.2123380400604166            -17.69137692452447            0.04455356891117146           -5091.154612980948            
12.2                          -151.1242863381621            0.02070148854186434           0.0007613277720263053         -0.05834159820689817          0.04455535350808232           2.628176674098662             0.2174234002877128            -16.82372743808008            -0.6187183820798473           -4961.987610619891            
12.4                          -147.1762896187664            0.02334032183715608           -0.0002327296120658695        0.0578328829480245            0.001200569554838694          2.673907392826258             0.223537301598289             -16.5488188953632             0.1650109984346688            -4819.832502557393            
12.6                          -143.2252942132544            0.02553393856959651           -0.0005433995494562144        -0.01206507589045997          -0.01898336877291525          2.721192077349757             0.2507090621614277            -15.45039620476664            0.3288082214145124            -4668.872270778777            
12.8                          -139.2534222763944            0.02834272621052611           -0.0009046276286763545        -0.01380004167122172          0.01486279730815789           2.770276879930602             0.2506030038486314            -14.18864382941077            0.4528678873173692            -4505.033193287826            
13                            -135.2747121796561            0.03164705484960204           -0.0003151321043311705        0.08369354031322813           0.002144806118430545          2.821315566988738             0.2675700396108408            -12.52765722160723            0.1247478138584363            -4327.933768431591            
13.2                          -131.3048500090001            0.03650093543112282           0.0002537023226066368         0.009599204396584111          0.09733905211618006           2.874309405679794             0.2766677995024969            -10.63343099448354            -0.07390957195653047          -4133.051851068998            
13.4                          -127.3492064775506            0.0427783396848805            0.000526450687285708          -0.0179593360565907           -0.001030126088255886         2.929762448939266             0.2800209450165528            -7.995675962520052            -0.09840150517381746          -3918.007154499739            
13.6                          -123.4671064136716            0.05035441823878053           0.0003822388243458265         0.06841336797662026           -0.07951454560177959          2.987572587908158             0.3001195599082448            -4.2239411372145              -0.03206563424106657          -3682.734306101307            
13.8                          -119.6839048144705            0.05924303674572117           0.0005049439796333943         0.08242929316738297           0.02542192614450494           3.048315139549023             0.3001839513604624            1.036708731187096             0.008837074586299121          -3424.678785466411            
14                            -116.1039195172405            0.07231248508981718           -8.434494254816356e-06        0.1354503579463198            -0.002813183911971871         3.111953656183696             0.3243859335967866            8.339309908817395             -0.000972956870284869         -3126.89633376966             
14.2                          -112.8901017782932            0.09068873251136668           -0.0002158856094767056        0.0663056224390369            0.06998729383551272           3.17909821632044              0.3574127228796868            18.8001094648935              -0.04478117603258902          -2775.743608361679            
14.4                          -110.348706370812             0.1162911766854304            -0.0002188687793089922        0.1032961685343414            -0.01423467269882847          3.250789599814341             0.3641851174161436            33.63643424689064             -0.06341334309521285          -2349.759331218761            
14.6                          -109.0650614567743            0.1512812152761476            0.001094149876334094          0.1608435362060454            0.1081293909464417            3.327589153193531             0.4092399491110889            53.28324578759867             0.3873290364072908            -1830.839298807275            
14.8                          -109.8772267749606            0.1978815618426956            0.001885347324184738          0.3495965767301104            0.009659869950690032          3.410755398378203             0.4405952691888272            75.71254521476685             0.7330386180263436            -1218.170376275271            
15                            -113.4826735560434            0.256323098231121             0.002369339394656697          0.3138615130916792            -0.01876431203750219          3.501141098393136             0.4606949989706277            93.45411419226512             0.9097872563784288            -577.7363282971755            
15.2                          -119.2240058289504            0.3214345753642226            0.002618352273260983          0.3603855863216915            -0.03590133473900169          3.598016205362659             0.4879308584414335            95.12649364254288             0.9067527620370166            -67.0296724102368             
15.4                          -124.6278521509718            0.3810729538431563            0.002651284435662602          0.3008725085203267            0.01776634930375581           3.699255559957919             0.4988557278647714            78.49073051396036             0.8121436360982202            180.0852969419889             
15.6                          -128.2550464343863            0.4301303449047811            0.004082012720343731          0.2407229135944678            -0.01525404885987204          3.801728849940441             0.5137348983870526            52.19242581643953             1.149216505915572             215.5517818469746             
15.8                          -129.9102310017909            0.4621687719426618            0.003983594135747579          0.05273948641050957           -0.0594504713451639           3.904140411702494             0.491637281684409             30.01650050189531             1.093316454492427             143.3319951123023             
16                            -130.5605743617674            0.4848210817572997            0.004396764302347514          0.07803174351533342           0.005339985490901532          4.005373787759921             0.5143556585683534            12.34606530450566             1.199096825341081             44.84219586446881             
16.2                          -130.6473694096375            0.4996375970100186            0.005313282185222596          0.2191936853104075            -0.01060966047797376          4.105500811530693             0.486618577113844             0.2949647185380391            1.441165465629439             -53.36756368736883            
16.4                          -130.4372237175328            0.5098230450445433            0.005280061504682967          0.02567768894646135           -0.02273647812377791          4.20464469761839              0.4943378534145351            -7.857165349846011            1.411020927108218             -143.08569391708              
16.6                          -130.0662418005999            0.5157121828214963            0.007166935964675647          0.01581783664016559           -0.03480398733398338          4.302785813173018             0.4868832928238601            -12.16098472453643            1.860224319506153             -223.0472964948801            
16.8                          -129.5849836660481            0.5190727335234874            0.008744442036123689          0.0462753628102714            0.05911755599173469           4.400107122151663             0.4862981074369715            -14.07965035145406            2.170925907642625             -293.8083749143977            
17                            -129.0035708478189            0.5214242238957544            0.009359709283834823          -0.05976962356493667          -0.00717013960088857          4.496719166899212             0.4801943127856214            -14.86547866900496            2.189318939310816             -355.453754306361             
17.2                          -128.3363178089751            0.5232391961061557            0.009945926814709358          -0.02868280746998299          -0.02182072143012588          4.592789011240182             0.4736215033124901            -14.92091944265801            2.157092385297338             -408.1823428864076            
17.4                          -127.577074929427             0.5260936672136203            0.01014207876247285           -0.02722235358163796          0.01692479937696778           4.688211599264266             0.4658390103191465            -15.23498150671731            2.00752376261782              -450.7213466127497            
17.6                          -126.7602578152145            0.528819155336364             0.01073693478332379           0.03163740207044968           0.01875244608179386           4.78325587520381              0.4815010399369871            -15.00085620923942            1.901883487221263             -484.1843873196268            
17.8                          -125.9018611049281            0.5314125121852258            0.0109607153717884            -0.02804040796027627          0.07016832138974223           4.877843469737539             0.487614494869912             -14.24093216780944            1.69778427711452              -508.7318608998912            
18                            -124.9951395164779            0.5353686435089714            0.01125275548699741           0.05039476922234189           0.01754615340152839           4.972368858060094             0.4718489850763526            -13.54391562258961            1.482276124797376             -522.6614524649029            
18.2                          -124.0788109202347            0.5392621866955465            0.01212201068994356           -0.016228225855541            0.1016569576553091            5.066822868596818             0.4776247467299988            -12.19675246140131            1.304830990861126             -528.0536904881779            
18.4                          -123.1614584836205            0.5436489407117104            0.01241110043103969           0.02842018861000907           -0.01569115525785466          5.161225108103399             0.4698597696412884            -10.36854132756818            1.031026991017126             -524.1744822750538            
18.6                          -122.2566582816453            0.5492066131716882            0.01348018993090041           0.01579562576262963           -0.01906519945732531          5.255730547520842             0.475062193202384             -8.092385062992054            0.785310843750497             -510.1596735980684            
18.8                          -121.3878466271616            0.5559657662926047            0.01479882707902952           0.06568781533049076           -0.02896111698697876          5.350449415200726             0.4722735942270952            -5.175326303840812            0.4933322329942598            -485.8706491550175            
19                            -120.580868593224             0.5645853063408012            0.01464162569496783           0.03887709375827143           -0.04840246112387755          5.445605801120291             0.4771015186003008            -1.458690683460759            0.1223119806079719            -449.3589230989775            
19.2                          -119.8838162354894            0.5769318094607908            0.01520367342260785           0.1089372780394025            0.0227222066723037            5.541420228841059             0.482742953624851             3.385758890264397             -0.2580980357070809           -395.6209771042477            
19.4                          -119.3715717992709            0.5919214367791296            0.01527261447573224           0.1744604843177052            -0.03921095142456893          5.637806216916778             0.474109051141503             9.701024427348896             -0.6594629213305362           -326.9754289454863            
19.6                          -119.1363347353838            0.6102300608035451            0.01563657343251223           0.1043599701216692            0.06616053925561828           5.735010970002379             0.4817196891571344            17.65562305767179             -1.112438143388045            -242.4534727362063            
19.8                          -119.3748269165769            0.6349864821147573            0.01482510272478055           0.112033923257404             -0.04748480628365013          5.833128344998018             0.4904633316463446            27.62039854550833             -1.528733612484889            -132.7221860479395            
20                            -120.1901197438397            0.6633037915899761            0.01319336965310961           0.1551988136859928            -0.02498300125974023          5.932571636649326             0.4997580396234472            38.66561183899377             -1.84965518819549             -14.38325415985463            
20.2                          -121.8527685521935            0.6985993489710054            0.01201386150290631           0.1658551215195796            -0.03571354108215585          6.033530911978548             0.4957242314976141            49.96299306074461             -2.229543222482858            113.3456584312846             
20.4                          -124.4220317569877            0.7397338131608238            0.01071794348858969           0.2307892043263174            -0.0170200258793547           6.135837809794211             0.5148643111240262            59.01528857566031             -2.568742786013987            226.6975596643254             
20.6                          -127.7060416252156            0.7852202052836983            0.009184177772063434          0.107573535667316             -0.001977464790456746         6.239302139238037             0.5309165255174435            62.8870222287775              -2.751561597783874            297.067079156209              
20.8                          -131.0865867933204            0.8308136049532824            0.007254817847594942          0.2094329255094612            -0.04217915574453393          6.342974015207855             0.516943240692758             59.89627997837756             -2.589267146030781            298.3901709099846             
21                            -133.897694449361             0.8722583999236293            0.006065767640047726          0.226133952944043             -0.03406973814300834          6.446174088250065             0.528411719739092             51.31529193249263             -2.442725024770778            229.729488356779              
21.2                          -135.8590624501577            0.9082429963124404            0.005371326586431213          0.1768969852202935            -0.05615010545069045          6.548275958955603             0.521186845323771             39.74102233498401             -2.327853470640049            113.0852247642884             
21.4                          -136.9460231080899            0.9379363117963797            0.004805572142023726          0.1521413416059426            -0.008739557048027447         6.649060046956022             0.4967571229418034            27.85167893508842             -2.156823414844934            -27.16407613619091            
21.6                          -137.3062907881471            0.9612690393860007            0.003328634578808264          0.01811390442441875           -0.02482355882315239          6.748320374234368             0.4932368130670756            17.47580986626538             -1.50194308436603             -172.0463925446198            
21.8                          -137.1446586540058            0.9802649282120418            0.002281577910111328          0.04484974965251267           0.08967170290149508           6.845905995060546             0.4735288184915224            8.754660642317559             -1.012130366231335            -310.6696362549756            
22                            -136.5955250755474            0.9948238584252391            0.001664617568455272          0.09514645310892532           -0.0009688159630388581        6.941988751185948             0.4860296029540994            2.215838958356185             -0.7126011566594126           -437.8582182681686            
22.2                          -135.7751489670932            1.005844690533385             0.001703669375536525          0.02961143420027278           -0.01400377017304783          7.036641314890391             0.464324819022921             -2.375933558747321            -0.6925610947425811           -551.6956823532969            
22.4                          -134.7601173550201            1.013947862064068             0.001268525201489426          0.03236909840431697           -0.03088773260369984          7.130134904844665             0.4724033736338504            -5.302818299260666            -0.4822789888151531           -652.0796168185459            
22.6                          -133.5889917475408            1.021041092710039             0.0005555288072285589         0.1443603432274058            -0.003454450632147438         7.222763001286873             0.452572402461569             -7.362190125663384            -0.1943775322605241           -738.9015343391666            
22.8                          -132.2964350869161            1.027408672504371             0.0002992770649623675         0.008268420964711514          -0.004646307939742382         7.314358743009774             0.4633907448599067            -8.67272852578078             -0.09469854961082746          -811.7673831501518            
23                            -130.9038959674958            1.033646151867351             0.001575133187598114          -0.05610521692898119          -0.0162718884720995           7.405199639639442             0.4414381715401315            -9.431125392549781            -0.441519829484446            -870.5607118354117            
23.2                          -129.4366169601564            1.039469691633269             0.001433604027032031          0.006524061278377623          0.004153198070996842          7.495647889299359             0.4420120719304113            -9.554870403382955            -0.3470559050143196           -915.8228771335466            
23.4                          -127.9238510258018            1.04473097224386              0.00287585563474267           0.0423806188783131            -0.0118076052850289           7.585493144946073             0.4585620423563446            -9.056304934328717            -0.5822704798396452           -947.8063483991331            
23.6                          -126.3851382993809            1.04933571988356              0.001710580975397339          0.1085388751750123            0.06944953640223316           7.67512254712696              0.4471653967283659            -7.986736408705914            -0.2769325299872434           -967.560966990394             
23.8                          -124.8205733821005            1.055927463812357             0.002447074432227192          0.1196235921336307            0.01478681753957072           7.764573567377407             0.4521835239774179            -6.744954447638223            -0.2951468714148513           -971.6870466513336            
24                            -123.257277928432             1.065073598057199             0.002111891136715376          0.04891189462287727           -0.02883017510679911          7.85400341057087              0.455960040322089             -5.152687104717975            -0.1672511250088835           -958.8819053775069            
24.2                          -121.7410979657575            1.07384036082439              0.002492940941714017          0.1268791646956904            -0.01580209948805862          7.943550657944137             0.4521148835190075            -2.838935701504198            -0.09587117474147089          -933.790161813395             
24.4                          -120.2891120544485            1.083310338963185             0.002457400715543895          0.08400104116080537           -0.01929328352911217          8.033574618704289             0.4568260243058534            0.1016739483388078            0.003000351110319599          -895.409247806038             
24.6                          -118.9329456500592            1.09452277314265              0.001624088271499857          0.04881168400696763           0.01261602313323857           8.124283625435989             0.4532183342785263            3.705678511661887             0.0637167616573362            -842.2071865075479            
24.8                          -117.7323823482435            1.109081714859236             0.0005311065393401568         0.07474285739451099           -0.03187870475938002          8.215515772918835             0.4635734162638511            8.118286853454528             0.03957831258092082           -771.1110952542003            
25                            -116.7428681410965            1.126097408029908             -0.0007243872258567846        0.04281209147970729           0.01794321941372821           8.307625391721057             0.452964240685478             13.36009524283415             -0.07693070254016932          -684.9991276187884            
25.2                          -116.0255552105037            1.14547760734515              -0.0006705339053653086        0.1684799301281853            -0.07769057999004313          8.400701925906258             0.4751120965415569            19.3029420471562              -0.08935356965606567          -586.4123350543167            
25.4                          -115.6972082682243            1.169558847414923             -0.001382294020385386         0.05627545074609844           -0.005503043536947946         8.495146701682311             0.479836428588411             25.89766432982966             -0.2128677921838396           -472.6645854676813            
25.6                          -115.8094357423724            1.196940483527088             -0.002557320734408477         0.1409309190756746            0.05011081707007227           8.590865313153207             0.4769247791139705            32.4712373647506              -0.428327454823344            -353.2468224980383            
25.8                          -116.41348721913              1.227941928694435             -0.001781369778254039         0.1337727229981095            0.05216272563211517           8.687735978899818             0.4844513723725182            38.22625742473734             -0.3078896354639413           -235.5645177157428            
26                            -117.426562734225             1.260763568474955             -0.001496085016452279         0.1508243605520301            -0.01625661099522134          8.785854982808511             0.4969337833254558            42.14160303199427             -0.2557522815994229           -132.8551188727292            
26.2                          -118.7613989644726            1.295436112874643             -0.001417592019477229         0.2139027614213078            0.0008535213089522341         8.885157333969406             0.4943623099693202            43.40105353204019             -0.230764811833563            -52.89269077443726            
26.4                          -120.2110869500839            1.330377761566364             -0.0007163282664534746        0.2153052844072312            -0.0384347874175581           8.985171465223269             0.4841786198121118            41.59017131390289             -0.1080985559066434           -2.833690524135761            
26.6                          -121.5626910723668            1.364169071020931             -0.0003474905626273132        0.2070268979000477            -0.001616403154804826         9.085306141351074             0.5028098627712473            36.98291103178082             -0.04795560338673388          16.98267742060131             
26.8                          -122.5693053240888            1.392784999945343             -0.001471350592492295         0.07254736382802304           -0.0104828674619995           9.185706212742954             0.5054970972311218            31.12688862553326             -0.1873425892347353           11.50176436946744             
27                            -123.2889517731924            1.418429345195713             -0.001922287916752462         0.08071729575577591           -0.04909263012549213          9.28596936760322              0.5026278846887295            24.51017420746495             -0.2270798006215351           -9.149815989812282            
27.2                          -123.7339314854565            1.441313069222909             -0.002200762041124657         0.09799137197026322           0.04654083219828849           9.385892207662653             0.4932247266074544            17.79313782355337             -0.2428210066597658           -37.87785992438153            
27.4                          -123.9133742938688            1.459493135362665             -0.002374976373100694         0.09173412772728992           -0.03850399156137635          9.485497023455679             0.4996368458625489            12.1053791260274              -0.24685151802933             -68.78472118412687            
27.6                          -123.9194047130506            1.475281133330715             -0.001939332529007551         0.02450924724478049           0.01579548533999998           9.584902300454571             0.488837685405005             7.142327344359933             -0.1897893821621142           -98.82897194231271            
27.8                          -123.7965675772787            1.489734726586088             -0.003046043979044142         0.007174063371376073          -0.006770666073212154         9.683832474107167             0.4984203961292152            2.816248237140439             -0.2793079760274551           -126.0958981893539            
28                            -123.5725010042486            1.500462931831719             -0.002826688148440944         0.01676811233954685           -0.04543577205831224          9.782664591354079             0.4966601418988716            -0.1183790294755214           -0.240927503209482            -149.3930184546381            
28.2                          -123.2853234690951            1.510853931549573             -0.003552525022235186         0.0832638574170598            -0.05672503367049176          9.880905674762335             0.4866276411900207            -2.539043299271588            -0.2778408204010108           -168.4886029238637            
28.4                          -122.9502885153849            1.520419915041476             -0.00394614632368021          0.06245917758691489           -0.02398970704093538          9.979151683181415             0.4944339431792625            -4.276718932913954            -0.2784821323744842           -183.1399906074369            
28.6                          -122.5834837838774            1.52925469636246              -0.003518988613206503         0.08280005582950256           -0.06606188842335761          10.07751857629208             0.4917857413825555            -5.347159585673447            -0.219220771970676            -193.2812572673972            
28.8                          -122.1996191182782            1.537686343024726             -0.003384494476303073         0.01382933818674893           0.02052584518842253           10.17561957004454             0.4969767097295537            -5.825343875832504            -0.1809201404466203           -198.8504586591748            
29                            -121.8134235497509            1.545266682116174             -0.002945091216762589         0.08021393628903543           0.007660628143794589          10.27366787073335             0.4987099319355225            -5.673905731805319            -0.1297261353447916           -200.4119411397723            
29.2                          -121.4324015253659            1.552579039856523             -0.002718882536992567         0.06097753043810011           0.02910713592367977           10.37176212848654             0.5003804889576872            -5.022685492637914            -0.09293238636930967          -197.9752931967487            
29.4                          -121.0619923015853            1.560650978186375             -0.002438808455313571         0.04430020446222704           -0.01095763743091767          10.46995907703415             0.4843939414526928            -3.975473193009829            -0.05851110149704741          -190.8442960292867            
29.6                          -120.7175405322409            1.568740946434409             -0.001516844925388848         0.05533414873098259           -0.07632238105386967          10.56808286790587             0.4879287896898717            -2.475659624830728            -0.02051312319876519          -179.9825998163295            
29.8                          -120.4074475592359            1.577777843535753             -0.001159841556906821         0.07781515232593396           -0.006481537352499039         10.66632891366165             0.4940098045815299            -0.5708695792615384           -0.003299548629029037         -164.7509045589885            
30                            -120.1474560123875            1.588784814081874             -0.001920610456303325         0.04617888884093103           0.08855310810634773           10.76494510207045             0.4894021063485787            1.774371543790476             0.0155267261225307            -144.1224888706657            
30.2                          -119.9639638978697            1.602316477022181             -0.0006121351922751053        0.1632043039477996            0.05589102618975715           10.86391354178654             0.4958887072398457            4.631877661151536             0.01188281144308023           -117.6225046960759            
30.4                          -119.8726374118549            1.616334833410805             0.0002198240557518103         0.0892802127260587            0.07991396765278626           10.9629694008516              0.4934895380934579            7.90222854961443              -0.006842014561788679         -89.13567438996134            
30.6                          -119.9090956064661            1.633065863002337             0.00130514013766173           0.08060774119865625           0.04751122506845662           11.06242164876539             0.5032518149044577            11.60770935930968             -0.05685531691562895          -56.71157297219732            
30.8                          -120.108375370804             1.652695081095088             0.0007072807972532031         0.061081935892403             0.01005787903714448           11.16237686518481             0.5124845516892608            15.63922732974418             -0.04034384438877114          -21.98265124374171            
31                            -120.4735892763406            1.673888769626537             0.000803949144187188          0.1912174156330021            -0.04519761166620986          11.26242899197755             0.5063543541777433            19.66142972192326             -0.05741731103650927          10.26156351205088             
31.2                          -121.0040497646405            1.696509376038495             0.0001526612951456879         0.1810290436422785            -0.05500713775133101          11.36301089751484             0.4906792682257223            23.37516817098666             -0.01322255991712007          36.73095568382075             
31.4                          -121.6824103701728            1.72039805740657              -8.285384036744232e-05        0.1725311099757436            0.05049468345963865           11.4637867216875              0.5016387975265744            26.43903757757968             0.008473585489168878          54.08523359779065             
31.6                          -122.5097904939901            1.746650628164071             0.0004821323833852674         0.08025623085055243           0.02961849627252494           11.56472046798218             0.524057001464974             28.54562291509581             -0.05705539679608962          60.41299745421492             
31.8                          -123.4434325480347            1.775268566287107             0.0004849512161957858         0.1686717441760141            0.02682523449850516           11.66571011846846             0.5029889747906363            29.32016217508454             -0.06508657187029043          52.64996877322321             
32                            -124.3211889428885            1.802905104998132             0.0009294602001243084         0.1419216726225228            -0.1223885373674624           11.76636696269026             0.5006957706735026            28.66311780748805             -0.1373195528700999           28.21562587877406             
32.2                          -125.0792588606786            1.829552522116708             0.0007976194185034026         0.07248969108498532           -0.03574507959761094          11.86696896931016             0.4948231250662755            26.7250377417311              -0.1261171659204596           -10.65406911623316            
32.4                          -125.6494645704537            1.854410500221799             0.0002116179974898565         0.164257530247138             -0.04793784037859768          11.96686320164505             0.5053280008401397            23.84610068973594             -0.03481046320540537          -60.101869039219              
32.6                          -126.0029874195335            1.877181625114172             0.0001107746827395229         0.192929958062043             -0.000715884294367749         12.06615241131555             0.5032820363782287            20.4169471123218              -0.01845386201307897          -115.7496869486245            
32.8                          -126.1438478681613            1.898160273516282             0.000752591919129738          0.06391878486090299           -0.0332825547151482           12.16499759752354             0.4914816490722258            16.74072704278659             -0.1238344365791586           -173.6906085740497            
33                            -126.1093051859389            1.919215258075119             0.0007775930528899761         -0.005682555166200888         0.03255159615440095           12.26289382100076             0.4790275782159512            12.83934067724253             -0.1236319925767593           -231.2107851019663            
33.2                          -125.8583311882849            1.936049134184926             0.001415813804198903          0.1272634449693698            0.01197960923850867           12.36053159719819             0.4837154640615645            9.558683225996949             -0.2116517162536076           -283.6498885366753            
33.4                          -125.4658942384424            1.951671649160266             0.001719331054534625          0.008770897005819551          0.003709376151945237          12.45716803601194             0.4830031930359612            6.630873770838388             -0.2359114077313824           -330.2798727932632            
33.6                          -124.9530177324529            1.965964164876427             0.001226223334124102          0.1194140610072435            -0.01981861345925114          12.55351349269497             0.4903178151721816            4.170154872755281             -0.1502416681614507           -370.0480117667511            
33.8                          -124.3462930512822            1.978657336863856             -0.0001174999798964198        0.05158032541048142           0.03413330060643779           12.64942028081512             0.4794999464836825            2.260927805388386             0.0124473440738857            -402.0453578148824            
34                            -123.6694802280493            1.989767845579232             -0.0003994402327551174        0.01864944357401328           -0.04791189161243158          12.74530009538624             0.4749750823783116            0.8990431284364848            0.03509662002033553           -426.12531022622              
34.2                          -122.9489146944707            2.001338983563306             -0.0004156474650948067        0.06352738825901987           0.03622977881910728           12.84079386525656             0.4954999337014027            -0.09217593978450678          0.02861326807758879           -442.2941397558653            
34.4                          -122.2006552997016            2.012941867068691             -0.000478202897528212         0.0146370302165679            0.008379998872255701          12.93611233088191             0.4800818609285236            -0.6367431931577472           0.02352771076738014           -450.2727150347018            
34.6                          -121.4431895712713            2.023254196470657             -0.0006190918097535448        0.05074409696672584           0.02972771393554304           13.03143249004255             0.4716239175005387            -0.6816905875066634           0.01814855660219661           -450.4359254053935            
34.8                          -120.6939549704489            2.035693573385139             -0.001500536158877088         0.06065574532774883           0.02991185173561094           13.12660123273369             0.4796426888212398            -0.3416504894316525           0.01436297932100405           -442.0866234392518            
35                            -119.9700143075864            2.046756769337063             -0.001247174522892055         0.08992672895595392           0.005068457487471848          13.22198791307026             0.4732567734698035            0.4536550676513109            -0.01210115147379476          -426.7214875131102            
35.2                          -119.2883530532474            2.058213523208142             -0.0008442924916930724        0.01879551385020095           -0.08865358146550338          13.3174636235782              0.4758016136296183            1.637807696455919             -0.02375613847836044          -404.2784073082842            
35.4                          -118.6637473647421            2.070169800180698             -0.001628552400322353         0.07994407759810497           0.05836650060230508           13.41336057663754             0.4801209392919814            3.187735861301928             -0.07399919341019801          -375.2569581591232            
35.6                          -118.1200929273437            2.084108981159695             -0.0008670013397023473        0.2272511456515489            0.02410290487101873           13.50967330703937             0.4753360912796259            5.142167095972399             -0.05302957349599491          -339.3476039873769            
35.8                          -117.6694869861122            2.098439903135969             -0.000875370985797409         -0.002573857069139393         0.05945636226493753           13.60658988211328             0.4784787904039926            7.381592624923368             -0.06569626539813678          -298.6441265138121            
36                            -117.3292476745319            2.113469682791724             -0.001193459185384278         0.04192175943323428           0.02480887943461455           13.70380197340521             0.4879023882373918            9.826084857047553             -0.1035072407797595           -254.3852372629325            
36.2                          -117.1290154167075            2.130749256720773             -0.001327474986232695         0.05407978990135453           0.03960730669537561           13.80142252652877             0.4799745546852689            12.48107798221652             -0.1270665333926968           -206.8902621918647            
36.4                          -117.0578150682578            2.148352511508686             -0.001968279710100611         0.08316345418587699           0.0002807073496958684         13.89971198554495             0.4969717917244673            15.07541922360684             -0.2009482047796072           -159.5732913411007            
36.6                          -117.1494286590141            2.168270615686116             -0.002988726877166681         0.1093612934075466            -0.03118300822063635          13.99844036741868             0.5012081904741443            17.58024515145793             -0.3147420855772363           -113.2122228202749            
36.8                          -117.3806470240236            2.189144121359849             -0.003130219067995251         0.07682100503200148           0.03481774903170724           14.09781388375109             0.4976857458307883            19.71597871133413             -0.3306128369069528           -71.14491209627153            
37                            -117.7548561464208            2.211767273889636             -0.003337719805292651         0.1243067877434715            0.05762419643700276           14.19744991799985             0.494823726361014             21.32777258599763             -0.343514130121948            -35.42307057359291            
37.2                          -118.2109201630773            2.234365319798189             -0.002719673671715544         0.2298005283365569            -0.07920089019157273          14.29735773616767             0.4998086403435527            22.19250499836228             -0.2664993424232311           -8.541622357000534            
37.4                          -118.7291018732351            2.257532170230176             -0.003433804825486243         0.02878010131979538           0.0615299395712603            14.397567991231               0.5118050308102807            22.24690198420607             -0.3127605141917722           8.686485104896519             
37.6                          -119.2884166170015            2.281998231729859             -0.00460187071666637          0.08557162344726597           -0.01719940885467623          14.49800896086828             0.5074535618481948            21.4373009849705              -0.379593289385977            15.57185858381288             
37.8                          -119.793842043948             2.305097856783446             -0.005202311342873887         0.1195100883920697            0.09053513829720806           14.59852378345934             0.4926860075082513            19.87712519872189             -0.3823098475482705           13.35876910027798             
38                            -120.2177195573695            2.326696668693596             -0.005564601027712265         0.1759456453437932            0.01429856375168045           14.69885645561874             0.5062819323464913            17.76627074790728             -0.3589922207339871           4.087771436452115             
38.2                          -120.5561108928707            2.347428984854457             -0.006234554130201484         0.0480514432629998            -0.02844645982344327          14.79899963162084             0.5010508350307655            15.26937576000524             -0.3471835101879157           -10.51300009258732            
38.4                          -120.7967478680945            2.367078272336237             -0.006550785608617692         0.09547483974598647           0.03655597973044489           14.8990945617476              0.4985258668965234            12.5895780276277              -0.3095347316864583           -28.27126815546018            
38.6                          -120.9342237145116            2.385072333488537             -0.006632156016293639         0.05728390960771927           0.07771867055724242           14.99903225734517             0.4949721543674107            9.948344319073586             -0.2611748910136851           -46.83583367450161            
38.8                          -120.97709031174              2.401075378204545             -0.006452310738015992         0.1589860338759544            -0.05672498737328812          15.09863675127955             0.4975524104114679            7.515884801486661             -0.2069872603592924           -64.35523701706556            
39                            -120.9427460310408            2.415194542738341             -0.007665970482210059         0.09891518328048721           -0.03502869335653978          15.19811711731253             0.4967755851979673            5.374086229765896             -0.193320600550785            -79.8507756585866             
39.2                          -120.8527069995502            2.428908518742703             -0.008083452082322383         0.006818856699630203          -0.02357207643401773          15.2975004069975              0.4875564963568275            3.502021818055225             -0.1506426765761937           -93.5381921491429             
39.4                          -120.7170875680998            2.442390030513776             -0.008044690805205193         0.04617647210426389           -0.05625404760971791          15.39667066928747             0.5044680098653883            1.959112746421832             -0.09920181834539266          -104.8274017245986            
39.6                          -120.5447895766379            2.454194592957424             -0.008430590283946151         0.02612318228047435           -0.01802056280533528          15.49575863219311             0.5030324286026773            0.8206011897948262            -0.05311467693696792          -112.5911528877784            
39.8                          -120.3506081560112            2.46476554457198              -0.007881780349929146         0.08303774283873434           0.03323890151107678           15.59459329257913             0.4960743828508219            0.05004852856939768           -0.003852331874816706         -117.0674513295963            
39.999                        -120.1454280257415            2.475507806630725             -0.006758446642068447         0.04607619144269754           -0.02914664534927374          15.6936113256586              0.5034892676191022            -0.3710911871695082           0.03444760625533583           -118.7775040837196            
